22222222222  2                 2  2 2 2 2 2   22222222222           2 2 2 2 2 2 2
     2       2              2             2        2              2               2
     2       2          2                 2        2            2                   2
     2       2          2                          2          2                       2
     2       2          2                          2         2                        2
     2       2          2                          2         2                        2
     2       2          2                          2         22222222222222222222222222
     2       2          2                 2        2         2                        2
     2       2          2                 2        2         2                        2
     2       2            2               2        2         2                        2
22222222222  22222222222    2 2 2 2 2 2 2      22222222222   2                        2





♥♥♥♥♥♥♥♥♥♥♥♥♥
