55555555555555555555555
55
55
55
55
55
55
55                                                                  5
555555555555555555555555  5             5 5 5 5 5 5 5 5 5           5 
                       5  5             5               5           5                                                               
                       5  5             5               5           5                             5 5 5 5 5   5 5 5 5 5 5         555
                       5  55555         5               5           5                            5        5   5         5       5     5
                       5  5             5               5           5                            5            5         5       5     5
                       5  5             5               5           5555555555555  55555555555   5            5         5       5     5
                       5  5             5               5           5           5  5       5 5   5            5         5       5 5 5 5
                       5  5             5               5           5           5  5       5 5   5         5  5         5       5     5
                       5  5             5               5           5           5  5       5 5   5         5  5         5       5     5
555555555555555555555555  555555555     5 5 5 5 5 5 5 5 5     5     5 5 5 5 5 5 5  555555555 5    5 5 5 5 5   5 5 5 5 5 5   5   5     5
